0.0 0.0 0.0 0.0 0.0 0.0 0.0 0.0 0.0 0.0 0.0 0.0 0.0 0.0 0.0 0.0 0.0 4.0 0.0 2.0 0.0 6.0 0.0 0.0 3.0 0.0 0.0 0.0 2.0 0.0 2.0 0.0 0.0 4.0 0.0 0.0 0.0 3.0 0.0 2.0 0.0 0.0 0.0 0.0 0.0 0.0 0.0 0.0 0.0 0.0 
0.0 0.0 0.0 0.0 0.0 0.0 0.0 0.0 0.0 0.0 0.0 0.0 0.0 0.0 0.0 0.0 0.0 0.0 1.0 0.0 1.0 0.0 0.0 8.0 0.0 1.0 4.0 0.0 0.0 0.0 0.0 0.0 0.0 2.0 1.0 2.0 0.0 0.0 4.0 0.0 0.0 0.0 0.0 0.0 0.0 0.0 0.0 0.0 0.0 0.0 
0.0 0.0 0.0 0.0 0.0 0.0 0.0 0.0 0.0 0.0 0.0 0.0 0.0 0.0 0.0 0.0 0.0 2.0 0.0 11.0 1.0 0.0 8.0 0.0 4.0 0.0 2.0 0.0 0.0 10.0 207.0 125.0 232.0 0.0 0.0 0.0 4.0 0.0 0.0 3.0 0.0 0.0 0.0 0.0 0.0 0.0 0.0 0.0 0.0 0.0 
0.0 0.0 0.0 0.0 0.0 0.0 0.0 0.0 0.0 0.0 0.0 0.0 0.0 0.0 0.0 0.0 0.0 5.0 0.0 0.0 0.0 7.0 0.0 4.0 1.0 0.0 0.0 3.0 35.0 176.0 122.0 67.0 192.0 0.0 5.0 0.0 0.0 4.0 0.0 1.0 0.0 0.0 0.0 0.0 0.0 0.0 0.0 0.0 0.0 0.0 
0.0 0.0 0.0 0.0 0.0 0.0 0.0 0.0 0.0 0.0 0.0 0.0 0.0 0.0 0.0 0.0 0.0 2.0 0.0 0.0 1.0 0.0 4.0 0.0 5.0 0.0 2.0 208.0 137.0 61.0 4.0 0.0 110.0 212.0 0.0 0.0 2.0 0.0 10.0 0.0 0.0 0.0 0.0 0.0 0.0 0.0 0.0 0.0 0.0 0.0 
0.0 0.0 0.0 0.0 0.0 0.0 0.0 0.0 0.0 0.0 0.0 0.0 0.0 0.0 0.0 0.0 4.0 4.0 0.0 8.0 0.0 2.0 0.0 0.0 0.0 229.0 167.0 97.0 12.0 0.0 0.0 0.0 18.0 160.0 0.0 0.0 3.0 0.0 0.0 0.0 0.0 0.0 0.0 0.0 0.0 0.0 0.0 0.0 0.0 0.0 
0.0 0.0 0.0 0.0 0.0 0.0 0.0 0.0 0.0 0.0 0.0 0.0 0.0 0.0 0.0 0.0 0.0 1.0 5.0 0.0 0.0 0.0 0.0 0.0 195.0 130.0 45.0 0.0 0.0 0.0 4.0 2.0 0.0 75.0 199.0 1.0 0.0 0.0 0.0 6.0 0.0 0.0 0.0 0.0 0.0 0.0 0.0 0.0 0.0 0.0 
0.0 0.0 0.0 0.0 0.0 0.0 0.0 0.0 0.0 0.0 0.0 0.0 0.0 0.0 0.0 0.0 5.0 0.0 0.0 4.0 0.0 0.0 223.0 149.0 77.0 1.0 0.0 1.0 3.0 0.0 4.0 0.0 2.0 0.0 134.0 228.0 3.0 0.0 5.0 0.0 0.0 0.0 0.0 0.0 0.0 0.0 0.0 0.0 0.0 0.0 
0.0 0.0 0.0 0.0 0.0 0.0 0.0 0.0 1.0 0.0 2.0 0.0 1.0 4.0 0.0 1.0 0.0 1.0 0.0 5.0 95.0 175.0 113.0 23.0 0.0 0.0 0.0 0.0 1.0 1.0 1.0 1.0 1.0 6.0 31.0 174.0 0.0 1.0 0.0 2.0 2.0 0.0 0.0 0.0 0.0 0.0 1.0 2.0 0.0 0.0 
0.0 0.0 0.0 0.0 0.0 0.0 0.0 0.0 2.0 0.0 5.0 0.0 0.0 0.0 3.0 0.0 5.0 0.0 0.0 202.0 139.0 55.0 4.0 0.0 0.0 0.0 0.0 1.0 1.0 1.0 1.0 1.0 0.0 0.0 6.0 95.0 205.0 4.0 8.0 0.0 0.0 6.0 4.0 4.0 0.0 0.0 10.0 0.0 0.0 0.0 
0.0 0.0 0.0 0.0 0.0 0.0 0.0 0.0 0.0 6.0 0.0 0.0 0.0 3.0 1.0 1.0 0.0 207.0 156.0 89.0 13.0 0.0 5.0 3.0 0.0 0.0 0.0 1.0 1.0 1.0 1.0 1.0 1.0 7.0 0.0 11.0 150.0 24.0 0.0 6.0 0.0 0.0 0.0 0.0 6.0 0.0 2.0 3.0 0.0 0.0 
0.0 0.0 0.0 0.0 0.0 0.0 0.0 0.0 5.0 0.0 4.0 0.0 0.0 4.0 0.0 92.0 142.0 128.0 200.0 0.0 0.0 4.0 0.0 0.0 0.0 1.0 1.0 1.0 1.0 1.0 1.0 1.0 0.0 1.0 0.0 4.0 60.0 185.0 9.0 0.0 2.0 1.0 10.0 1.0 0.0 1.0 0.0 0.0 0.0 0.0 
0.0 0.0 0.0 0.0 0.0 0.0 0.0 0.0 3.0 0.0 1.0 0.0 7.0 0.0 180.0 96.0 178.0 255.0 254.0 158.0 1.0 5.0 0.0 4.0 1.0 1.0 1.0 1.0 1.0 1.0 1.0 1.0 0.0 0.0 8.0 0.0 3.0 113.0 216.0 6.0 6.0 0.0 0.0 3.0 0.0 2.0 4.0 0.0 0.0 0.0 
0.0 0.0 0.0 0.0 0.0 0.0 0.0 0.0 0.0 5.0 2.0 0.0 214.0 117.0 146.0 238.0 255.0 252.0 244.0 246.0 63.0 0.0 3.0 0.0 1.0 1.0 1.0 1.0 1.0 1.0 1.0 1.0 2.0 7.0 0.0 4.0 0.0 22.0 164.0 0.0 0.0 6.0 1.0 5.0 4.0 0.0 1.0 0.0 0.0 0.0 
0.0 0.0 0.0 0.0 0.0 0.0 0.0 0.0 6.0 3.0 0.0 151.0 121.0 201.0 250.0 255.0 244.0 254.0 255.0 255.0 195.0 0.0 5.0 0.0 1.0 1.0 1.0 1.0 1.0 1.0 1.0 2.0 2.0 0.0 6.0 5.0 0.0 1.0 80.0 201.0 5.0 0.0 8.0 0.0 0.0 0.0 2.0 2.0 0.0 0.0 
0.0 0.0 0.0 0.0 0.0 0.0 0.0 0.0 0.0 195.0 109.0 163.0 251.0 254.0 253.0 255.0 255.0 252.0 255.0 252.0 255.0 114.0 0.0 4.0 1.0 1.0 1.0 1.0 1.0 1.0 2.0 2.0 3.0 4.0 4.0 0.0 2.0 0.0 3.0 135.0 201.0 4.0 0.0 0.0 3.0 0.0 0.0 0.0 0.0 0.0 
3.0 0.0 4.0 0.0 0.0 5.0 0.0 158.0 135.0 127.0 219.0 255.0 253.0 255.0 255.0 255.0 255.0 255.0 254.0 255.0 255.0 232.0 25.0 3.0 3.0 1.0 0.0 3.0 8.0 0.0 2.0 2.0 5.0 1.0 6.0 0.0 5.0 3.0 130.0 210.0 98.0 2.0 0.0 5.0 0.0 2.0 4.0 0.0 0.0 0.0 
1.0 1.0 0.0 0.0 12.0 1.0 168.0 106.0 185.0 255.0 255.0 246.0 255.0 255.0 248.0 253.0 254.0 252.0 254.0 255.0 252.0 255.0 176.0 0.0 0.0 3.0 8.0 0.0 4.0 7.0 0.0 4.0 0.0 5.0 0.0 4.0 62.0 207.0 255.0 255.0 158.0 151.0 0.0 2.0 0.0 0.0 0.0 2.0 0.0 0.0 
0.0 0.0 1.0 3.0 121.0 117.0 152.0 236.0 247.0 255.0 255.0 255.0 250.0 254.0 254.0 255.0 255.0 250.0 255.0 250.0 249.0 255.0 252.0 80.0 4.0 4.0 0.0 12.0 0.0 0.0 1.0 4.0 1.0 5.0 12.0 160.0 252.0 254.0 254.0 255.0 249.0 111.0 220.0 1.0 0.0 4.0 1.0 0.0 0.0 0.0 
0.0 4.0 0.0 3.0 183.0 164.0 245.0 255.0 255.0 248.0 252.0 255.0 251.0 255.0 255.0 254.0 255.0 254.0 255.0 248.0 255.0 254.0 254.0 217.0 4.0 1.0 0.0 3.0 7.0 6.0 3.0 2.0 1.0 103.0 230.0 255.0 249.0 253.0 255.0 255.0 253.0 196.0 113.0 3.0 9.0 0.0 4.0 0.0 0.0 0.0 
7.0 0.0 2.0 0.0 1.0 198.0 184.0 255.0 251.0 255.0 254.0 251.0 255.0 252.0 255.0 253.0 250.0 255.0 251.0 255.0 255.0 252.0 255.0 255.0 137.0 1.0 0.0 3.0 0.0 1.0 4.0 39.0 187.0 243.0 253.0 255.0 255.0 255.0 252.0 252.0 249.0 255.0 133.0 166.0 0.0 5.0 0.0 0.0 0.0 0.0 
0.0 0.0 5.0 0.0 9.0 229.0 194.0 211.0 255.0 247.0 255.0 253.0 255.0 250.0 255.0 255.0 255.0 255.0 254.0 252.0 254.0 253.0 254.0 248.0 246.0 50.0 6.0 2.0 8.0 5.0 127.0 246.0 255.0 255.0 255.0 255.0 246.0 254.0 255.0 255.0 254.0 255.0 234.0 99.0 34.0 0.0 8.0 0.0 0.0 0.0 
4.0 7.0 0.0 0.0 1.0 0.0 206.0 182.0 237.0 255.0 255.0 244.0 255.0 255.0 249.0 255.0 255.0 252.0 255.0 250.0 255.0 255.0 255.0 255.0 252.0 201.0 0.0 0.0 75.0 214.0 252.0 255.0 252.0 251.0 255.0 247.0 255.0 255.0 252.0 251.0 255.0 255.0 247.0 166.0 128.0 0.0 0.0 4.0 0.0 0.0 
0.0 0.0 6.0 0.0 0.0 4.0 0.0 197.0 197.0 254.0 251.0 255.0 253.0 247.0 255.0 254.0 253.0 255.0 254.0 255.0 254.0 248.0 254.0 252.0 255.0 247.0 120.0 180.0 238.0 255.0 255.0 251.0 255.0 250.0 255.0 255.0 252.0 250.0 255.0 255.0 255.0 251.0 255.0 255.0 114.0 202.0 0.0 0.0 0.0 0.0 
0.0 2.0 0.0 0.0 2.0 6.0 0.0 226.0 181.0 225.0 252.0 251.0 255.0 251.0 255.0 255.0 251.0 255.0 251.0 254.0 252.0 254.0 252.0 253.0 255.0 148.0 35.0 231.0 255.0 255.0 249.0 255.0 254.0 254.0 255.0 255.0 255.0 255.0 255.0 255.0 255.0 255.0 254.0 255.0 208.0 99.0 2.0 0.0 4.0 0.0 
0.0 4.0 0.0 1.0 2.0 0.0 0.0 1.0 205.0 178.0 255.0 253.0 255.0 255.0 251.0 255.0 255.0 255.0 251.0 252.0 255.0 252.0 255.0 203.0 66.0 0.0 0.0 98.0 247.0 253.0 252.0 255.0 254.0 254.0 255.0 255.0 255.0 255.0 255.0 255.0 254.0 255.0 255.0 255.0 255.0 149.0 153.0 0.0 0.0 7.0 
5.0 0.0 1.0 1.0 1.0 0.0 12.0 0.0 98.0 193.0 200.0 255.0 251.0 255.0 254.0 254.0 254.0 246.0 255.0 255.0 249.0 243.0 122.0 9.0 1.0 2.0 4.0 2.0 189.0 255.0 248.0 255.0 254.0 254.0 255.0 255.0 255.0 255.0 255.0 255.0 255.0 251.0 252.0 254.0 255.0 249.0 96.0 224.0 0.0 0.0 
0.0 0.0 9.0 0.0 0.0 2.0 0.0 1.0 0.0 218.0 178.0 228.0 255.0 254.0 254.0 253.0 250.0 255.0 254.0 255.0 177.0 37.0 2.0 0.0 0.0 0.0 0.0 0.0 40.0 246.0 255.0 255.0 254.0 254.0 255.0 255.0 255.0 255.0 255.0 255.0 255.0 250.0 255.0 253.0 254.0 255.0 191.0 120.0 4.0 2.0 
1.0 2.0 0.0 1.0 0.0 8.0 4.0 1.0 4.0 3.0 202.0 197.0 247.0 255.0 251.0 252.0 255.0 255.0 223.0 84.0 3.0 4.0 0.0 2.0 0.0 5.0 6.0 4.0 0.0 125.0 255.0 246.0 254.0 254.0 255.0 255.0 255.0 255.0 255.0 255.0 251.0 255.0 255.0 255.0 251.0 255.0 249.0 126.0 192.0 0.0 
0.0 0.0 0.0 6.0 4.0 0.0 0.0 0.0 0.0 0.0 226.0 183.0 218.0 255.0 255.0 254.0 255.0 140.0 17.0 8.0 0.0 0.0 10.0 3.0 0.0 0.0 5.0 2.0 5.0 10.0 203.0 255.0 254.0 254.0 255.0 255.0 255.0 255.0 255.0 255.0 255.0 254.0 251.0 254.0 255.0 228.0 208.0 187.0 223.0 0.0 
2.0 4.0 3.0 0.0 0.0 3.0 0.0 0.0 7.0 1.0 2.0 210.0 180.0 244.0 247.0 207.0 59.0 0.0 5.0 0.0 1.0 3.0 0.0 0.0 3.0 6.0 2.0 0.0 0.0 8.0 62.0 253.0 254.0 254.0 255.0 255.0 255.0 255.0 255.0 255.0 254.0 255.0 251.0 251.0 212.0 179.0 201.0 227.0 0.0 5.0 
0.0 0.0 0.0 10.0 0.0 0.0 1.0 0.0 0.0 0.0 0.0 7.0 190.0 192.0 121.0 2.0 0.0 1.0 0.0 3.0 1.0 3.0 0.0 2.0 0.0 0.0 0.0 6.0 2.0 0.0 7.0 154.0 254.0 254.0 255.0 255.0 255.0 255.0 255.0 255.0 255.0 255.0 227.0 188.0 194.0 220.0 0.0 1.0 0.0 0.0 
0.0 0.0 0.0 0.0 0.0 0.0 0.0 0.0 1.0 1.0 0.0 1.0 230.0 128.0 24.0 0.0 0.0 0.0 5.0 2.0 0.0 1.0 0.0 0.0 3.0 0.0 4.0 0.0 0.0 3.0 0.0 26.0 231.0 255.0 250.0 253.0 255.0 255.0 249.0 255.0 242.0 202.0 192.0 206.0 187.0 4.0 0.0 6.0 0.0 0.0 
0.0 0.0 0.0 0.0 0.0 0.0 0.0 0.0 0.0 0.0 0.0 7.0 0.0 218.0 71.0 10.0 5.0 0.0 4.0 0.0 3.0 0.0 0.0 3.0 1.0 0.0 2.0 0.0 1.0 0.0 0.0 4.0 99.0 248.0 253.0 255.0 247.0 255.0 253.0 213.0 178.0 206.0 214.0 2.0 5.0 0.0 0.0 0.0 0.0 0.0 
0.0 0.0 0.0 0.0 0.0 0.0 0.0 0.0 1.0 0.0 0.0 0.0 1.0 0.0 161.0 44.0 0.0 5.0 0.0 0.0 4.0 0.0 6.0 0.0 0.0 0.0 1.0 1.0 2.0 3.0 1.0 2.0 5.0 184.0 255.0 253.0 255.0 224.0 197.0 193.0 222.0 0.0 2.0 2.0 0.0 0.0 12.0 3.0 0.0 0.0 
0.0 0.0 0.0 0.0 0.0 0.0 0.0 0.0 1.0 0.0 0.0 1.0 0.0 4.0 0.0 103.0 27.0 0.0 0.0 5.0 2.0 5.0 0.0 4.0 2.0 4.0 2.0 0.0 0.0 0.0 6.0 3.0 4.0 43.0 253.0 247.0 220.0 180.0 209.0 224.0 0.0 2.0 0.0 1.0 0.0 2.0 0.0 0.0 0.0 0.0 
0.0 0.0 0.0 0.0 0.0 0.0 0.0 0.0 0.0 0.0 2.0 0.0 1.0 0.0 1.0 194.0 62.0 0.0 0.0 10.0 0.0 0.0 12.0 0.0 0.0 1.0 0.0 2.0 1.0 2.0 7.0 3.0 0.0 0.0 122.0 191.0 185.0 222.0 0.0 2.0 0.0 3.0 3.0 1.0 0.0 0.0 0.0 4.0 0.0 0.0 
0.0 0.0 0.0 0.0 0.0 0.0 0.0 0.0 1.0 0.0 0.0 2.0 5.0 0.0 0.0 5.0 141.0 40.0 0.0 0.0 8.0 0.0 0.0 2.0 1.0 0.0 0.0 2.0 3.0 0.0 0.0 3.0 10.0 54.0 125.0 203.0 166.0 0.0 2.0 0.0 5.0 0.0 2.0 0.0 1.0 5.0 0.0 0.0 0.0 0.0 
0.0 0.0 0.0 0.0 0.0 0.0 0.0 0.0 0.0 12.0 1.0 1.0 0.0 3.0 0.0 0.0 185.0 76.0 21.0 2.0 0.0 5.0 0.0 3.0 6.0 0.0 2.0 0.0 0.0 0.0 9.0 43.0 77.0 177.0 4.0 0.0 0.0 0.0 0.0 2.0 2.0 0.0 0.0 8.0 0.0 0.0 0.0 9.0 0.0 0.0 
0.0 0.0 0.0 0.0 0.0 0.0 0.0 0.0 5.0 0.0 0.0 1.0 2.0 0.0 7.0 0.0 1.0 177.0 54.0 0.0 4.0 0.0 5.0 0.0 0.0 0.0 5.0 0.0 5.0 23.0 63.0 132.0 156.0 0.0 0.0 2.0 1.0 0.0 0.0 0.0 0.0 3.0 2.0 0.0 0.0 3.0 2.0 0.0 0.0 0.0 
0.0 0.0 0.0 0.0 0.0 0.0 0.0 0.0 0.0 0.0 0.0 0.0 0.0 0.0 0.0 0.0 1.0 2.0 110.0 32.0 0.0 4.0 2.0 0.0 0.0 1.0 4.0 7.0 49.0 96.0 197.0 0.0 0.0 0.0 0.0 0.0 0.0 0.0 0.0 0.0 0.0 0.0 0.0 0.0 0.0 0.0 0.0 0.0 0.0 0.0 
0.0 0.0 0.0 0.0 0.0 0.0 0.0 0.0 0.0 0.0 0.0 0.0 0.0 0.0 0.0 0.0 0.0 7.0 219.0 69.0 13.0 0.0 4.0 0.0 4.0 0.0 32.0 69.0 152.0 0.0 0.0 6.0 0.0 0.0 0.0 0.0 0.0 0.0 0.0 0.0 0.0 0.0 0.0 0.0 0.0 0.0 0.0 0.0 0.0 0.0 
0.0 0.0 0.0 0.0 0.0 0.0 0.0 0.0 0.0 0.0 0.0 0.0 0.0 0.0 0.0 0.0 4.0 0.0 1.0 158.0 44.0 4.0 0.0 6.0 18.0 56.0 112.0 222.0 1.0 1.0 3.0 0.0 0.0 0.0 0.0 0.0 0.0 0.0 0.0 0.0 0.0 0.0 0.0 0.0 0.0 0.0 0.0 0.0 0.0 0.0 
0.0 0.0 0.0 0.0 0.0 0.0 0.0 0.0 0.0 0.0 0.0 0.0 0.0 0.0 0.0 0.0 0.0 4.0 0.0 0.0 101.0 19.0 4.0 38.0 83.0 178.0 1.0 0.0 0.0 0.0 1.0 0.0 0.0 0.0 0.0 0.0 0.0 0.0 0.0 0.0 0.0 0.0 0.0 0.0 0.0 0.0 0.0 0.0 0.0 0.0 
0.0 0.0 0.0 0.0 0.0 0.0 0.0 0.0 0.0 0.0 0.0 0.0 0.0 0.0 0.0 0.0 4.0 5.0 0.0 6.0 195.0 70.0 63.0 138.0 148.0 0.0 1.0 0.0 4.0 1.0 0.0 2.0 0.0 0.0 0.0 0.0 0.0 0.0 0.0 0.0 0.0 0.0 0.0 0.0 0.0 0.0 0.0 0.0 0.0 0.0 
0.0 0.0 0.0 0.0 0.0 0.0 0.0 0.0 0.0 0.0 0.0 0.0 0.0 0.0 0.0 0.0 0.0 0.0 0.0 1.0 3.0 161.0 202.0 0.0 6.0 1.0 0.0 0.0 5.0 0.0 0.0 0.0 0.0 0.0 0.0 0.0 0.0 0.0 0.0 0.0 0.0 0.0 0.0 0.0 0.0 0.0 0.0 0.0 0.0 0.0 
0.0 0.0 0.0 0.0 0.0 0.0 0.0 0.0 0.0 0.0 0.0 0.0 0.0 0.0 0.0 0.0 2.0 0.0 11.0 0.0 0.0 0.0 5.0 0.0 0.0 5.0 0.0 0.0 0.0 3.0 1.0 5.0 0.0 0.0 0.0 0.0 0.0 0.0 0.0 0.0 0.0 0.0 0.0 0.0 0.0 0.0 0.0 0.0 0.0 0.0 
0.0 0.0 0.0 0.0 0.0 0.0 0.0 0.0 0.0 0.0 0.0 0.0 0.0 0.0 0.0 0.0 2.0 0.0 0.0 0.0 3.0 0.0 0.0 4.0 0.0 0.0 2.0 0.0 6.0 0.0 4.0 0.0 0.0 0.0 0.0 0.0 0.0 0.0 0.0 0.0 0.0 0.0 0.0 0.0 0.0 0.0 0.0 0.0 0.0 0.0 
0.0 0.0 0.0 0.0 0.0 0.0 0.0 0.0 0.0 0.0 0.0 0.0 0.0 0.0 0.0 0.0 0.0 0.0 0.0 0.0 0.0 0.0 0.0 0.0 0.0 0.0 0.0 0.0 0.0 0.0 0.0 0.0 0.0 0.0 0.0 0.0 0.0 0.0 0.0 0.0 0.0 0.0 0.0 0.0 0.0 0.0 0.0 0.0 0.0 0.0 
0.0 0.0 0.0 0.0 0.0 0.0 0.0 0.0 0.0 0.0 0.0 0.0 0.0 0.0 0.0 0.0 0.0 0.0 0.0 0.0 0.0 0.0 0.0 0.0 0.0 0.0 0.0 0.0 0.0 0.0 0.0 0.0 0.0 0.0 0.0 0.0 0.0 0.0 0.0 0.0 0.0 0.0 0.0 0.0 0.0 0.0 0.0 0.0 0.0 0.0 
